"Title" "caspian-sea"
"Dim" 2
"Geo" "LONG/LAT" 47 31 0
"Time" "EqudistantTimeAxis" "1970-01-11" "04:06:00" 4 3600
"NoGridPoints" 45 33
"Spacing" 0.25 0.25
"NoStaticItems" 0
"NoDynamicItems" 1
"Item" "2 metre temperature" "t2m" "K"
NoCustomBlocks 1
"M21_Misc" 1 7 0 -1E-030 -900 -999 -1E-030 -1E-030 -1E-030
"Delete" -1E-030
"DataType" 0


289.2201 290.7259 291.3879 291.5677 291.6633 292.0305 292.2454 292.0500 291.1769 290.1495 290.6691 290.5030 288.8136 284.2943 280.8096 279.3743 278.1908 276.3741 276.3041 274.4718 273.8566 274.3686 275.6771 277.3802 279.2395 280.5521 281.5658 282.6087 281.9368 282.4796 282.5638 282.4133 282.6087 284.9446 284.7004 282.9055 280.3529 278.9172 279.1065 280.3586 281.4583 285.4523 290.4916 291.9993 290.5735
290.3468 290.7472 291.1788 291.4386 291.4466 291.7395 291.9913 291.8587 291.5285 292.1772 291.1693 289.7922 288.0579 286.1830 284.8352 282.0892 279.0852 276.7257 275.9250 274.0014 273.4776 274.1694 275.6652 275.6710 276.6945 277.9173 278.9290 280.5971 280.8313 281.1654 280.5872 279.1221 281.2473 282.0461 283.1066 283.3820 280.9331 279.4250 278.4681 278.6361 280.2375 282.2571 287.5676 290.1107 290.2981
290.2413 290.4973 290.8177 291.0462 291.0070 291.0070 291.5521 291.7688 291.5460 292.3471 290.9152 289.9408 289.3488 288.7572 287.7299 284.6341 281.4953 279.2745 277.9973 275.4348 274.4817 274.9739 276.3585 277.4152 277.8898 277.7493 277.3645 278.2338 280.0131 281.2511 281.1986 279.6592 277.5577 278.0540 278.9991 279.9213 280.9738 280.4135 281.4564 281.5696 280.1613 281.3822 284.8429 289.4799 292.7200
289.8585 289.9777 290.2181 290.3705 290.5148 290.6009 290.7765 291.0032 291.9387 291.0870 289.7960 289.5305 289.7903 289.6497 288.9721 287.3177 285.5773 285.0128 282.2396 278.2845 276.0812 276.5578 277.6361 278.7648 279.0951 278.3858 277.1729 277.6339 278.7062 281.1262 283.6654 284.9232 283.6536 280.8588 279.3663 278.6144 278.4094 278.1771 280.3510 279.0776 277.6301 278.1241 280.4116 286.6671 289.6555
288.9854 289.4505 289.7572 289.5717 290.4897 291.1300 292.4115 292.4701 292.5657 292.2941 291.5033 291.2862 291.2942 289.8802 289.5031 288.5538 287.3608 286.0462 283.1889 280.0851 277.8041 276.9112 277.6811 277.6243 278.1009 278.2826 280.3937 280.0794 278.3039 278.9896 281.2728 281.7357 281.2005 280.6184 280.4116 278.9465 276.3079 275.7201 276.6088 277.2042 276.3391 276.4972 278.7473 283.0792 287.9466
288.4095 288.8216 289.6204 289.6635 290.5110 291.8176 293.0385 293.1105 292.8781 292.6225 292.4777 292.3040 292.1810 291.5677 290.6535 289.9503 289.1264 287.2610 284.4680 281.5090 278.6361 277.2510 278.5717 280.6634 280.9289 281.4073 282.8643 282.4796 282.6495 281.9737 279.8314 279.5773 279.9133 280.8001 280.8527 279.8840 277.5032 275.1182 274.1419 274.6615 275.2611 275.8138 276.7943 280.1887 285.2257
288.1283 289.0052 289.7179 290.4447 291.7201 293.0286 293.2826 293.2902 293.1847 293.0811 292.9367 292.7924 292.7101 292.4347 292.0168 291.3117 290.8801 289.3724 286.6264 284.0109 281.1300 278.9153 279.4954 282.2903 282.7569 283.2376 283.4993 284.2764 284.8410 283.7062 281.5597 280.6184 280.6653 281.5753 280.2706 279.2981 278.7397 276.1654 275.0756 275.1594 275.7590 274.4760 275.1655 278.2765 282.0187
288.3919 289.3195 289.8722 290.7396 292.0248 293.3820 293.5558 293.4994 293.4327 293.3390 293.3527 293.2042 293.4350 292.8350 292.5284 292.0854 291.6028 290.0032 288.1615 285.5891 283.3352 281.1262 280.3937 281.9954 282.4446 282.4388 282.5714 284.1770 284.1770 283.1516 281.7745 280.8820 281.7181 281.7376 280.2024 279.3038 278.9721 277.5150 276.4096 276.4934 276.0736 274.5366 274.9426 277.8959 281.4271
288.7336 289.0109 289.6749 289.9309 290.6885 292.0500 293.4796 293.5306 293.3878 293.4133 293.4251 293.4952 293.8723 293.0773 292.7238 292.2785 291.4603 289.2083 288.1379 286.9174 284.6574 281.9113 280.9308 281.4465 282.3585 282.3509 281.7669 282.3764 282.3295 281.9756 280.5971 279.9796 281.4172 280.9113 281.3429 280.4405 279.7865 278.7142 277.5657 278.0990 277.6769 277.2453 277.3821 280.2786 281.6320
288.3858 288.5851 289.0951 289.4913 290.0090 290.7921 292.4191 293.1634 293.1360 293.1554 293.4076 293.6068 293.4719 293.2609 292.9192 292.5912 291.9231 289.4600 288.7923 287.3391 285.7609 283.5012 281.1749 281.3604 282.4720 283.5031 283.2045 281.9467 281.0306 281.3155 282.0442 282.6381 280.7784 281.0481 282.9992 283.5969 283.1340 280.8058 280.7102 281.1692 280.8626 281.0226 282.5676 283.6711 284.5655
288.4076 289.0970 289.3138 289.5404 289.4387 289.6985 290.7240 292.7120 292.8529 293.0792 293.3977 293.7531 293.7081 293.6655 293.2358 292.7943 292.1673 289.6985 289.8292 288.7611 287.5051 286.3860 284.6204 283.1146 282.9310 284.3431 285.8702 285.1868 282.9973 283.4445 283.7317 283.4014 284.9114 284.3549 284.6124 284.3450 283.9564 284.5697 283.3176 281.8488 280.9331 281.8038 286.6907 287.9916 285.8919
289.0052 289.4094 289.2963 289.2570 289.0795 289.1846 290.0912 292.4640 292.7474 292.9642 293.3546 293.9073 294.3176 294.0129 293.5207 293.1866 293.0366 292.6926 289.8292 290.0383 290.4680 289.9933 288.6769 286.9288 287.1810 287.3821 286.8995 286.9231 285.8352 285.8508 286.0500 285.8782 285.2082 285.6478 286.9623 287.7455 287.7432 287.4777 287.6830 284.8097 283.7629 285.7316 288.2491 288.7706 289.2357
289.1846 289.6048 289.5461 288.6673 288.9172 289.2239 289.7084 290.0170 292.6282 293.0834 293.4601 293.9816 294.7591 294.4936 293.9035 293.5226 293.4308 293.3763 290.1476 289.0502 289.4132 290.1225 290.0109 289.6437 289.2452 288.7572 288.2845 287.9424 287.9916 287.5558 286.0070 284.6166 287.1810 289.5305 289.9972 289.0483 287.8411 286.2005 285.8451 285.3880 287.8350 291.1693 290.5423 289.4056 289.8353
289.4307 289.7454 289.7023 289.3020 288.6574 288.8959 289.0909 290.5910 292.8312 293.2202 293.3859 293.7999 294.5911 294.5561 294.0011 293.7729 293.8312 293.8978 292.9524 292.9623 293.8803 293.4171 290.3606 288.7081 288.4757 288.8022 288.3276 287.4758 287.9954 288.1535 287.8312 287.8506 289.3450 290.2356 290.4737 290.8040 289.5267 288.0971 287.4290 287.8156 289.0597 289.7374 290.0402 289.7355 289.7610
289.0753 289.3644 289.3275 289.0970 289.1420 289.0540 289.4018 289.8235 291.3216 292.0069 293.2689 293.5893 293.5599 293.8155 294.2532 294.0910 294.1458 294.4113 294.4837 294.9290 295.1808 295.3587 293.1573 288.8780 286.4542 286.8705 288.1516 288.3508 288.2826 288.5774 288.8117 289.3938 290.2588 289.9465 289.2513 290.5853 291.4153 290.3449 289.9427 289.9015 290.1457 289.5130 290.1244 289.4799 289.2258
289.1027 289.2121 289.1984 290.9369 291.2961 291.0325 290.0931 290.5053 291.0462 291.9269 292.4503 293.2221 293.2670 293.7980 294.2315 294.1965 294.3077 294.6048 294.8997 295.3194 295.4836 295.6105 295.4661 292.0481 288.7435 286.1399 287.3429 287.8080 287.5284 288.5618 289.5618 290.1145 289.7240 289.2688 289.4936 290.4074 291.2218 293.6163 293.3782 292.5912 291.1750 290.3468 290.1632 289.4856 288.5325
289.5031 289.6143 289.3214 291.1498 292.0774 292.6419 291.6340 291.7669 292.3078 291.9463 291.3174 292.2374 293.6087 294.1397 294.1283 294.1595 294.3058 294.4993 294.8429 295.2512 295.4154 295.4562 295.8059 294.5675 292.9387 290.3274 288.7473 288.5481 288.1752 289.0266 289.7297 289.3233 288.9309 290.8352 292.1711 291.7494 291.0363 293.4369 295.6752 295.0989 291.8625 290.8565 290.2905 288.6517 287.6945
290.4562 290.2493 289.8722 289.4231 290.4425 291.6496 292.4233 292.5151 292.3547 291.4092 290.0733 290.5011 292.4602 294.0129 293.8936 294.1595 294.2433 294.3469 294.6185 295.0596 295.4055 295.3530 295.3549 295.5499 295.2375 295.2768 293.7592 292.2823 292.0012 291.7475 289.3606 289.0422 290.9076 293.9721 295.0421 293.8079 292.7589 293.8761 296.0794 295.9525 293.1204 291.5795 289.1458 287.6225 287.1886
291.1475 290.9952 290.6615 290.1964 289.4738 289.4269 290.4425 291.1654 291.3510 290.2649 288.7687 288.8197 291.1613 293.0404 294.1458 294.3195 294.3020 294.3077 294.4875 294.7218 295.0307 295.3255 295.4036 295.4718 295.4562 295.6379 295.7491 295.5480 295.9952 295.5655 292.3490 292.9581 295.3861 295.7746 295.7358 295.8059 296.2706 296.8077 297.1612 296.7357 295.4916 292.0423 289.7396 288.5618 288.1321
291.4329 291.5247 291.1517 290.4954 290.2550 290.2474 290.1789 290.3567 290.5773 290.2768 289.0266 287.6358 289.7179 292.5813 294.4113 294.5812 294.6479 294.4151 294.6223 294.8292 294.9545 295.0676 295.3019 295.3975 295.4387 295.4874 295.5754 295.6866 295.8139 295.9213 295.6828 295.6596 295.7221 295.6691 295.4779 295.8840 296.4134 296.1476 296.3879 297.2999 296.1674 293.2396 291.6477 290.5499 289.7747
291.3174 291.4797 291.4972 291.3174 290.4760 290.2550 290.2474 290.5971 290.9563 290.8078 289.9252 288.5287 291.6633 294.0833 294.9408 295.1107 294.6867 291.6439 293.2708 294.6692 294.9934 295.0189 295.1964 295.1827 295.4211 295.4230 295.4211 295.6261 295.4855 295.6185 295.6790 295.7065 295.5499 295.2512 295.4992 295.4524 292.9211 291.7982 293.5580 296.7628 296.2317 294.4505 293.2922 291.6107 290.1869
291.3060 291.3510 291.2961 291.2611 291.3510 291.1712 290.9681 290.4310 290.3487 290.6360 289.6791 288.9466 288.8410 291.8507 294.8783 294.8490 290.6165 289.7629 292.7238 294.9484 295.1652 294.8353 295.1202 295.0265 295.1594 295.2318 295.3331 295.4954 295.4112 295.6261 295.5148 295.5442 295.4680 295.1556 295.2787 293.7748 291.8820 292.4838 295.4211 297.3490 295.9952 296.2218 296.0207 293.7706 291.7220
291.3917 291.1068 290.8919 290.8451 291.2005 291.0169 291.0112 290.4935 290.2006 290.3979 289.6379 289.2631 289.0890 290.6478 293.2278 294.1264 289.3976 289.1027 292.5227 294.7846 295.1633 294.9290 294.9389 294.8216 294.9191 295.0052 295.1046 295.1964 295.2299 295.4310 295.2863 295.4173 295.2219 294.4662 292.0267 289.4780 288.3546 292.4720 296.4877 297.3079 296.1068 296.5696 296.7982 295.9213 296.0756
291.2904 291.1300 290.9582 290.7453 291.2435 291.0988 291.1205 291.0912 290.9171 290.4779 289.5698 289.3839 289.5168 290.6809 292.4309 293.8117 289.4250 289.8196 292.0736 293.9054 294.5382 294.8117 294.6985 294.6574 294.7260 294.7766 294.8471 295.0421 295.1126 295.0753 295.1713 295.0539 294.6768 290.4211 288.6654 287.2198 287.9523 291.7765 295.8958 296.9856 296.4386 296.7609 296.8702 297.2629 297.4758
291.1574 291.3353 291.1750 290.9171 291.2142 291.3273 291.3761 291.3510 291.1555 290.6790 289.7553 289.5736 289.6574 289.5793 291.3018 292.0500 288.9854 290.0832 292.1772 293.9603 294.5561 294.6555 294.4974 294.4174 294.4875 294.6479 294.7336 294.8178 294.8760 295.0326 294.9347 294.7122 291.7707 287.8312 287.0187 288.6731 288.7550 288.9660 292.8819 296.6496 296.8138 296.9525 297.0363 297.3879 297.4054
291.2767 291.4565 291.5578 291.4816 291.1944 291.3723 291.4115 291.1007 290.9057 290.6322 290.0109 289.7960 289.5854 289.5069 289.5560 289.8608 289.0033 291.0870 293.3276 294.0422 294.6380 294.4288 294.5599 294.4780 294.4799 294.6399 294.6456 294.6574 294.9503 294.9233 294.3450 291.3018 288.3546 287.0305 286.7608 288.8936 289.0753 289.2863 291.7357 295.9369 297.1300 297.0443 297.1612 297.0675 297.0850
292.0012 291.3997 291.4310 291.9349 291.5384 291.3647 291.7433 291.3860 290.5678 290.3312 290.2394 289.9682 289.6673 289.2825 289.3100 289.7042 289.7572 291.9913 293.9192 294.4955 294.6029 294.3488 294.6555 294.6361 294.5987 294.7336 294.7279 294.7553 295.1244 294.0129 290.7609 287.6887 287.0423 286.4934 286.7981 287.6674 288.5851 289.2102 291.6107 294.9115 296.9132 297.0248 297.2804 297.1768 296.8995
292.5284 291.8705 291.6614 291.8839 292.2004 291.4386 292.3410 291.9993 291.0013 290.7179 290.5948 290.1301 289.5305 289.1888 288.9778 289.0890 289.6730 290.6847 292.4465 294.3587 294.7279 293.9405 293.4251 293.3314 293.4289 293.5618 294.0910 294.3370 294.1066 290.7141 287.7550 286.8039 286.7395 286.9406 286.8526 288.1417 289.4875 289.8078 290.2101 292.0286 295.6204 297.2180 297.4503 297.4678 297.1612
292.6145 292.5383 292.5676 292.7981 292.7044 291.9269 292.5364 292.2572 291.6477 291.5247 290.8919 290.3956 289.8646 289.2806 288.9172 288.8197 288.5070 287.3939 288.0872 291.1456 293.1516 292.3136 289.2494 289.0795 289.0909 289.5423 290.3567 291.1944 291.1693 289.0795 286.9856 286.2843 286.7452 287.0968 287.5032 287.4876 288.5714 290.3255 291.5109 291.5890 293.7904 296.2279 296.3780 296.7026 297.4896
292.8255 292.7413 292.9135 293.5070 293.3626 292.4389 292.5071 292.3372 292.1204 292.1437 291.4329 290.6146 289.9446 289.3195 288.7550 288.3721 288.4856 287.1341 286.5147 286.9330 287.3996 287.0480 286.0675 287.0069 288.3744 289.0814 289.1652 288.9934 288.4994 287.8548 286.2218 286.0382 286.7688 287.1730 287.7474 288.3001 288.6925 290.0383 291.8644 293.1497 293.1885 292.2804 293.2141 295.6965 297.7219
293.1242 293.2533 293.3607 293.8098 294.0190 293.5226 293.1459 293.3097 293.2160 292.2160 291.8195 290.9601 290.3255 289.7553 289.1245 288.5207 287.8331 287.7162 287.4034 287.5421 287.6849 287.3471 286.9349 286.2218 286.2355 286.3311 285.9662 285.7453 285.7727 285.9171 285.7415 286.1106 286.6222 287.1341 287.7806 288.7104 289.6905 290.1632 290.1495 290.7434 293.0480 293.1360 293.7592 294.4681 294.7199
293.3626 293.6750 293.8647 294.4837 294.8547 294.4094 293.3021 293.8197 293.5268 291.2081 291.4115 290.7902 290.1651 289.7316 289.1945 288.7317 288.3039 288.0697 288.3432 288.5207 288.0948 287.2042 286.8606 286.5033 286.4835 286.3917 286.0950 286.0873 286.3822 286.5071 286.6808 286.9193 286.9875 287.2903 288.0929 289.0814 290.0501 290.2882 290.2863 290.7259 291.7669 291.5266 291.7045 292.3235 292.9954
293.5870 293.9329 294.3900 295.0753 295.3000 294.3839 293.5169 292.8236 292.0168 290.8314 290.8333 290.3644 289.9972 289.5930 289.3294 288.9153 288.7123 288.6300 288.6632 288.7862 288.3801 287.6495 287.3452 287.0111 287.0012 286.8995 286.6770 286.6926 286.9425 287.2377 287.3958 287.4914 287.5600 287.9017 288.8567 289.6322 290.3842 290.6691 290.6440 290.8919 291.1026 291.4740 291.5540 292.3646 293.1828


288.4757 289.8646 290.4329 290.5773 290.7083 291.2706 291.6203 291.5285 290.7045 289.4132 289.7042 288.8353 286.8195 283.0441 279.7590 278.8178 277.9717 276.1555 276.0930 274.5948 273.9503 274.2570 275.6165 277.3645 279.2414 280.5479 281.4858 282.5287 282.0362 282.6788 282.5912 281.5246 282.2667 284.3899 283.7511 281.7806 280.0344 278.9934 279.1378 280.2550 281.2610 285.0931 290.1888 291.3449 289.7511
289.6536 290.0109 290.3487 290.5209 290.5110 290.9194 291.3079 291.2980 290.7590 289.7122 289.7454 289.1378 287.4602 285.1263 283.7866 281.7745 279.0128 276.3802 275.5228 273.9347 273.5050 274.1983 275.7159 275.7784 276.7612 278.0190 279.1964 280.8938 280.9407 281.3060 280.7727 279.1751 280.9212 281.6244 281.9756 281.7025 280.6146 279.4993 278.5382 278.3233 279.3469 281.9916 287.5775 289.4799 289.0147
289.4056 289.6886 290.0090 290.2120 290.1888 290.3194 290.9601 291.5365 291.5616 289.9095 289.4837 289.3625 288.9447 287.9543 286.6595 284.8509 281.6282 277.8019 276.7219 274.7647 274.4642 275.1868 276.0187 277.3840 277.5325 277.5264 277.7257 278.7454 280.2569 281.3841 281.3311 279.8253 277.7455 278.0479 278.5987 279.1732 280.2668 279.9933 280.7765 280.6889 279.4718 281.1048 284.7396 288.5188 291.0089
289.2475 289.3900 289.5755 289.7198 289.8996 290.0714 290.3175 290.4760 291.7121 290.4405 289.2688 288.8841 289.3275 288.9740 287.9699 286.5951 284.7823 284.5092 281.3155 277.6750 275.9506 276.4896 277.3565 278.4818 278.7454 278.3039 277.4682 278.3725 279.2631 281.1654 282.1303 282.1029 282.1711 279.6516 278.8860 278.3119 277.9329 277.4758 278.3546 277.8643 277.1360 277.9329 280.3255 286.4115 290.0032
288.6049 288.9835 289.2102 288.9953 289.9838 290.7278 292.1673 292.2355 292.2979 291.9894 291.1224 291.0481 291.0832 289.4018 288.6731 287.5326 286.0656 285.4211 282.5287 280.4310 278.4506 276.7570 277.3626 277.0442 277.3626 277.7394 280.2318 280.1362 278.6163 279.0852 280.1849 280.4973 280.3918 279.9952 279.9327 278.7629 276.1517 275.4740 275.7609 276.2572 275.9818 276.2922 278.5344 282.8822 287.4796
288.1028 288.4563 289.1690 289.1107 290.0189 291.4721 292.8644 292.9467 292.6008 292.2960 292.2572 292.2355 292.0736 291.4679 290.1926 289.0010 287.9249 286.1906 283.7805 281.8842 279.3255 277.1947 278.1378 280.1476 280.2687 280.8195 282.5676 282.5226 282.4484 281.9269 279.8703 279.3255 279.5073 280.5990 280.6752 279.6966 277.4057 274.9914 273.9877 274.4017 274.9857 275.6340 276.5345 279.1850 284.2650
287.7825 288.6712 289.2825 289.9640 291.2512 292.7082 293.0053 293.0385 292.8392 292.8099 292.7707 292.6438 292.4994 292.3646 291.9974 290.8020 288.9367 287.8411 285.8489 283.5599 280.9955 279.3431 279.4017 282.0187 282.3177 282.8685 283.1554 284.2296 284.5423 283.4700 281.4073 280.7201 281.1418 281.8412 279.9133 278.9309 278.4738 275.9288 274.8177 275.0813 275.6671 274.5229 274.9640 277.4076 281.1479
288.0792 289.0170 289.4837 290.3080 291.5970 293.0305 293.2335 293.2472 293.1965 293.1866 292.9973 292.8392 292.8449 292.6964 292.4838 291.1281 289.0521 288.7081 287.3116 284.9152 282.9405 281.4740 280.5696 281.7924 282.0674 281.9954 282.1379 283.9172 283.9622 282.9249 282.0385 281.4816 282.2354 281.6888 279.5229 278.7161 278.4643 276.9893 275.9932 276.2865 275.9955 274.6223 274.7804 277.4213 280.8995
288.5675 288.7786 289.3957 289.5385 290.2025 291.6378 293.2297 293.3721 293.3215 293.3702 293.1809 293.2179 293.4015 293.0754 292.6907 291.3312 289.6478 288.5538 287.2354 285.8801 283.9016 281.6751 280.9308 281.1380 281.7608 281.6888 281.2043 281.9798 282.0324 281.4759 280.5853 280.8412 281.3136 280.4154 280.6146 279.8059 279.1633 277.9055 277.0324 277.7142 277.4213 277.0305 277.2084 279.8059 281.3684
288.1908 288.3253 288.8624 289.2357 289.6398 290.3080 292.0305 293.0286 293.0499 293.1691 293.3588 293.5558 294.0365 293.1322 292.7707 292.6046 291.8313 288.9271 287.8567 286.5890 285.2474 283.1672 280.9799 281.1692 281.8019 282.6731 282.5969 281.3060 280.4855 280.4718 281.1418 282.4952 281.2648 280.9601 282.3722 282.9310 282.7318 280.1224 280.1807 280.7864 280.4504 280.4718 282.3802 283.6749 284.6711
288.1672 288.9035 289.0852 289.3488 289.2182 289.2902 290.1495 292.4739 292.7589 292.9112 293.1672 293.5813 293.8060 293.3432 293.0697 292.8080 292.2218 289.7667 288.8311 287.8605 286.8214 285.5891 284.0326 282.6964 282.4682 283.7161 285.1476 284.4543 282.3783 282.6537 282.6263 282.2354 284.5617 284.0403 283.6791 283.3119 283.4719 284.2494 283.0167 281.1673 280.3099 281.6301 286.3155 287.9973 286.0051
288.7218 289.1477 289.0052 288.9210 288.6944 288.6868 289.5225 292.1124 292.6556 292.8350 293.1771 293.7317 294.0403 293.6849 293.3234 293.1596 293.0990 292.6457 289.5755 289.5519 289.9290 289.2121 286.6515 285.6577 286.3997 286.7258 286.0013 285.4424 284.2277 284.7434 285.3567 285.2318 284.1671 284.1614 285.2455 286.4504 287.1905 286.7201 286.8800 284.1869 283.4525 285.6127 287.7063 288.3744 288.6868
288.6163 289.0403 288.9797 288.0617 288.3177 288.6498 289.1340 289.3275 292.4134 292.8819 293.2727 293.8216 294.3587 294.1828 293.6632 293.4270 293.4739 293.4232 289.8958 288.7104 288.7393 288.9035 289.3549 288.8060 288.5851 288.0792 287.4682 287.1516 287.1067 286.8431 285.4523 284.1065 286.4134 288.4232 289.0033 288.0971 286.8919 285.8976 285.8390 285.3487 287.2042 290.0090 290.3061 288.9309 289.4623
288.8136 289.0795 289.0033 288.6125 288.2140 288.6437 288.8624 290.3118 292.7101 293.1596 293.2122 293.7298 294.0422 294.0639 293.8235 293.6026 293.8510 293.9660 292.9524 292.9855 293.7081 293.3314 289.1633 288.2765 288.0091 287.9817 287.2434 286.4172 287.3802 287.6731 287.1459 287.2396 288.7904 289.7141 289.9621 290.3606 288.7199 287.4232 286.9250 287.3859 288.1497 288.6692 289.4037 289.1984 289.3839
288.5325 288.7942 288.9153 288.7980 288.7767 288.6673 289.0071 289.3743 290.9095 291.8743 293.1284 293.5695 293.6868 293.7942 293.9622 293.9641 294.1359 294.4544 294.5519 295.0577 295.3236 295.4604 292.5714 288.6087 285.9133 286.0793 287.4857 287.8392 287.9310 288.0228 288.2784 289.0616 290.1088 289.7198 288.7591 290.1907 290.7003 289.6029 289.5225 289.4700 289.7084 288.7454 289.5480 288.9915 288.7473
288.6456 288.7161 288.8529 290.6184 290.8508 290.1088 289.4288 289.7823 290.4581 291.6534 291.8526 293.0754 293.3078 293.5832 293.7512 294.1732 294.3214 294.6574 294.9446 295.4230 295.5990 295.6866 295.4291 291.8039 288.3276 285.8176 287.1478 287.5189 287.2747 288.0129 289.2532 290.0052 289.5480 288.9504 288.9740 289.9309 290.6573 293.0792 293.1284 292.3764 291.0756 289.8859 290.0364 289.4349 288.2940
289.0871 289.1576 288.9016 290.7472 292.1029 291.6732 290.9662 291.0736 291.7513 291.4934 290.2726 291.1517 293.1729 293.4483 293.7824 294.2376 294.3705 294.5911 294.9172 295.3099 295.4874 295.5011 295.8371 294.3976 292.7356 290.2200 288.3763 287.9466 287.6613 288.3588 289.2982 289.0833 288.6262 290.4779 291.8549 291.8976 291.1944 293.6205 295.4074 294.8627 291.7921 290.6379 290.4093 289.0109 287.8666
290.1476 289.8002 289.4581 288.9740 290.6946 291.2024 292.5520 292.6339 292.5246 291.6127 289.5324 288.4251 291.4603 293.5870 293.9367 294.1984 294.2787 294.4330 294.6711 295.0951 295.4855 295.3819 295.3743 295.5461 295.1358 295.2082 293.4289 291.5989 291.4153 291.1125 289.0090 288.8879 290.6379 293.6925 294.9835 294.6711 293.2297 294.1652 295.8763 295.7240 293.0773 291.5090 289.1107 287.8956 287.5364
290.9777 290.6573 290.1537 289.5599 288.6224 289.2258 291.4329 291.8743 291.8938 291.4310 289.1378 287.7162 290.9681 293.2609 294.1264 294.2807 294.2650 294.3077 294.4486 294.6886 295.0421 295.4112 295.4017 295.4779 295.4699 295.6771 295.7941 295.5598 295.9952 295.4642 292.5695 293.0792 295.2707 295.6908 295.6771 295.6615 296.1087 296.6671 297.0656 296.6439 295.4604 292.0873 289.7572 288.3645 287.8685
291.3292 291.2218 290.6283 289.8002 289.5206 289.7042 289.6418 289.4974 289.4132 289.1146 288.2239 287.1223 290.5209 293.3702 294.5382 294.5968 294.7572 294.2765 294.5423 294.7686 294.8958 295.0364 295.3255 295.3918 295.4760 295.5286 295.6047 295.7358 295.9152 295.9308 295.6440 295.6303 295.6946 295.6009 295.3507 295.7453 296.2980 296.1300 296.4093 297.3315 296.1498 293.4133 291.6222 290.2257 289.2707
291.2100 291.2024 291.0188 290.6710 289.8158 289.8878 290.2276 290.4718 290.5522 290.3137 289.3176 288.2491 291.2980 293.8841 294.9678 295.0932 294.4993 292.5345 293.5169 294.5618 294.9522 294.9972 295.2044 295.1850 295.4448 295.4448 295.4524 295.6946 295.5442 295.6440 295.7023 295.7042 295.5049 295.1693 295.3507 295.2570 293.0716 292.3939 294.1146 296.7045 296.2394 294.6829 293.3451 291.2531 289.5343
291.1456 291.0557 290.8721 290.7297 290.7940 290.9582 291.0794 290.6965 290.4642 290.4230 289.3606 288.5226 288.8704 292.0305 294.9290 294.7160 290.0813 290.8763 293.1809 294.8741 295.0619 294.7747 295.1225 295.0638 295.1888 295.2669 295.3819 295.5541 295.4349 295.6908 295.5560 295.5872 295.4798 295.0326 294.9816 293.4838 291.9719 292.6594 295.4269 297.3334 296.0089 296.2531 295.9758 293.5950 291.2123
291.1906 290.9152 290.6242 290.5834 290.8390 290.9544 291.1361 290.7689 290.3392 290.1537 289.3762 288.6868 288.7317 290.2337 292.7531 294.0441 288.5969 290.2299 293.0735 294.8002 295.1301 294.9366 294.9328 294.8760 294.9602 295.0638 295.1827 295.2493 295.3080 295.4935 295.3175 295.4310 294.9876 293.8624 292.0675 289.3568 288.3352 292.5052 296.4934 297.2884 296.0714 296.5540 296.7864 295.8002 295.8527
291.1849 291.0325 290.8801 290.7064 291.0813 291.0500 291.1574 291.0344 290.6885 290.1400 289.1926 288.7706 288.6536 289.9076 291.8801 293.2552 288.2807 290.1849 292.5951 294.0753 294.4894 294.8372 294.6947 294.7260 294.7766 294.8471 294.9290 295.1027 295.1945 295.1008 295.2181 294.8117 294.0890 289.8840 288.4544 287.1010 287.8567 291.7277 295.9057 296.9837 296.3860 296.6889 296.7982 297.1791 297.3060
291.2062 291.3567 291.2161 291.0756 291.2885 291.2649 291.0851 290.9639 290.7415 290.2181 289.2688 288.8666 288.7687 288.6731 290.5853 291.2512 287.9581 290.0695 292.3977 293.8841 294.5206 294.6810 294.4913 294.4955 294.5363 294.7160 294.8178 294.8604 294.9503 295.0833 294.8604 294.2787 290.9464 287.5307 286.8880 288.6007 288.7123 288.9584 292.9329 296.5929 296.7414 296.8351 296.9544 297.2941 297.3334
291.2904 291.4428 291.6047 291.6085 291.4428 291.3392 291.1144 290.6398 290.4173 290.2143 289.6048 289.2064 288.8978 288.8022 288.8178 289.0833 288.4251 290.9171 293.2922 293.9329 294.5694 294.3938 294.5538 294.5538 294.5324 294.7122 294.7218 294.6867 295.0558 294.8490 293.9603 291.0013 287.6632 287.0012 286.6557 288.9584 290.0775 290.3236 291.7159 295.7590 297.0069 296.8664 297.0305 297.0206 297.0599
291.9174 291.5365 291.6595 292.0873 291.9505 291.5247 291.2786 290.7609 290.1830 290.0032 290.0364 289.7103 289.2570 288.7043 288.7005 289.1576 289.3743 291.8488 293.8742 294.3587 294.4894 294.2471 294.6555 294.6985 294.6555 294.7979 294.7941 294.7728 295.2006 293.9485 289.8490 287.1417 287.0362 286.7631 286.6576 288.0110 290.3156 290.4562 291.6477 294.7122 296.7102 296.7944 297.1281 297.1124 296.9132
292.5871 292.1772 292.0618 292.2709 292.7688 291.5970 291.5909 291.2668 290.6710 290.3019 290.4135 289.8958 289.0833 288.5656 288.4757 288.8117 289.0327 290.2432 292.1437 294.2277 294.6848 294.0814 293.6205 293.5306 293.5032 293.6262 294.1908 294.4269 294.0521 291.1925 287.4583 286.5852 286.8039 287.1654 287.2042 288.6692 289.9914 290.0989 290.3956 292.1067 295.4798 297.0500 297.3547 297.4134 297.1768
292.7082 292.6419 292.5794 292.8587 292.9017 292.0381 292.1185 291.8020 291.3117 291.0188 290.4036 289.9758 289.3256 288.6536 288.4194 288.6536 287.7413 286.7608 288.0990 291.2237 292.9623 292.3764 290.0558 289.3157 289.2159 289.8334 290.7746 291.4622 291.2279 288.6498 286.8861 286.4115 286.9132 287.3722 287.8430 287.7318 288.6262 290.5304 291.8705 291.7825 294.1047 296.2531 296.3312 296.6847 297.5170
292.4076 292.3448 292.4115 293.1127 293.0209 293.0697 292.7432 292.1867 291.7650 291.5441 290.6908 289.7728 289.0384 288.4563 288.2045 288.3158 288.3546 287.0518 286.6846 287.1947 287.4172 286.7182 286.0656 287.2415 288.6049 289.3332 289.4368 289.2025 288.6437 288.1908 286.6420 286.3117 286.9311 287.4838 288.0872 288.4757 288.9408 290.2276 292.0168 293.4350 293.4464 292.4153 293.3920 295.7590 297.6694
293.5851 292.9973 292.3840 292.9173 293.6693 293.8060 293.6300 292.8705 292.3235 292.2709 290.9620 289.8920 289.3526 288.8723 288.3078 287.8506 287.8625 288.3432 287.7863 287.2941 287.0480 286.8351 286.7162 286.0150 286.3079 286.5795 286.3410 286.1205 285.8664 285.9075 285.6516 286.0519 286.6907 287.4053 288.0091 288.8548 289.8509 290.3606 290.3606 290.9270 293.3508 292.9543 293.6655 294.6105 294.9835
292.8350 293.0891 292.9779 293.8331 294.7511 294.6479 293.9272 293.2358 292.5833 292.0580 290.3156 289.8021 289.2532 288.9466 288.4795 288.0148 287.7924 287.6750 287.9817 287.8194 287.3783 286.5795 286.3624 286.1574 286.3940 286.4290 286.2024 286.2062 286.3841 286.5090 286.6907 286.9406 287.0480 287.4347 288.2358 289.1614 290.1107 290.2748 290.2550 290.8508 292.0987 291.6907 291.8077 292.5265 293.1691
293.0853 293.3977 293.9348 294.7903 295.3861 294.9347 294.1732 293.0967 292.3509 291.2393 289.6459 289.3351 289.1146 288.8430 288.6830 288.2826 288.0891 287.9760 288.0091 288.1085 287.6926 286.9524 286.7258 286.5384 286.7825 286.8077 286.6088 286.6420 286.8820 287.2061 287.3722 287.5032 287.6145 287.9386 288.9153 289.6143 290.4329 290.6009 290.5247 291.0287 291.7631 291.6576 291.5403 291.8431 292.5345


287.9124 288.8986 289.3637 289.6330 289.7328 290.5354 290.4105 290.1583 289.5880 288.7717 288.9633 287.9204 285.7834 281.6077 278.6860 277.7679 277.1779 275.6546 275.6702 274.4554 274.0452 274.4962 275.9125 277.6563 279.4573 280.6546 281.3285 282.2735 281.8907 282.5375 282.1585 280.7384 282.1528 282.7074 281.7970 280.6801 279.7971 279.1720 279.0684 279.9145 281.0001 284.8147 289.6604 290.4649 288.9435
288.9610 289.2094 289.4418 289.5568 289.4749 290.2150 290.1994 290.1739 290.2813 288.7911 289.0452 288.7443 287.1741 284.4280 283.3363 280.6371 277.8773 276.0275 275.0900 273.7385 273.5629 274.4044 275.8637 276.0450 277.0392 278.2932 279.4924 281.0374 281.3871 281.2816 280.2504 278.6018 280.1586 280.7833 280.5803 279.9221 280.2150 279.4787 278.4551 278.0822 278.9378 281.7501 286.4572 287.9474 287.6526
288.6605 288.9591 289.2932 289.4962 289.4025 289.6741 290.0158 290.3537 290.4592 289.3012 288.9184 289.0060 288.7462 287.5375 285.8207 283.0803 280.0082 277.3870 276.2953 274.1937 274.3126 275.4142 275.9768 276.7014 276.9181 277.3577 278.1214 279.2894 280.3986 281.1311 280.4024 277.9710 276.9730 277.5295 277.9611 278.3302 279.4650 279.3381 280.0489 280.0744 279.2307 280.9045 284.3419 287.3303 289.2250
288.6605 288.8498 289.0079 289.1702 289.3694 289.6448 289.9476 290.3400 291.5628 290.2288 289.0627 288.9123 289.0902 288.8460 287.7013 285.8382 283.7618 282.3947 280.5921 277.5645 276.2111 276.7425 277.6586 278.0666 278.3188 278.4963 278.3051 278.3732 279.3362 280.3400 280.8576 280.1487 278.7073 278.2620 278.2658 277.8754 277.4007 276.6370 276.7562 276.6000 276.3947 277.5139 280.0177 286.0492 290.1038
288.2190 288.5919 288.7835 288.5687 289.6018 290.4337 291.9220 292.0256 292.1818 291.9475 291.0980 290.9594 290.8695 289.4886 288.7931 287.3810 285.6196 284.0707 282.0198 280.5121 278.7953 277.1017 277.8712 277.3634 277.2015 277.9024 280.4161 279.9906 278.2445 278.3713 279.0002 279.2052 278.7892 279.2033 279.3187 278.4125 275.8637 275.0958 275.0139 275.4298 275.5041 275.8519 278.0746 282.5002 286.9162
287.8263 288.1878 288.8148 288.7660 289.7172 291.2561 292.7032 292.7151 292.3459 292.1585 292.2191 292.1566 291.9475 291.3753 290.1918 289.0216 287.6663 285.7289 283.3283 282.3185 280.0489 277.6331 278.4963 280.2032 280.0120 280.5628 282.3558 282.4396 282.0061 281.3029 279.0863 278.3675 278.5725 279.6996 280.0394 279.3751 277.1817 274.7133 273.6974 274.0238 274.5118 275.1369 276.0606 278.3070 283.3851
287.5821 288.5138 289.0707 289.7404 290.9457 292.4884 292.9006 292.8888 292.6194 292.4884 292.5490 292.6019 292.4339 292.2736 291.7776 290.6036 288.6407 287.2309 285.5685 283.5138 281.2405 280.0512 279.8265 282.0473 282.1055 282.6564 282.9260 284.0863 284.1507 282.9984 280.7776 280.1857 280.5803 280.9708 278.9378 278.2719 278.1565 275.6332 274.6036 274.7484 275.2367 273.9945 274.5979 276.6233 280.2619
288.0080 288.9904 289.4399 290.1857 291.3753 292.7151 293.0335 293.0724 292.9162 292.7794 292.7406 292.7855 292.6937 292.7444 292.3734 291.0843 288.9279 288.0822 287.1429 284.8204 283.1759 282.3497 281.0782 281.9181 281.9455 281.7482 281.8576 283.6388 283.6700 282.5238 281.7989 281.4103 281.8793 280.4672 278.1721 277.7817 277.8910 276.4652 275.6740 275.8401 275.5548 274.0802 274.4962 276.9242 280.2699
288.6037 288.8460 289.4513 289.4943 290.1469 291.4904 292.9242 293.1329 292.9828 293.0685 293.0297 292.9710 292.9611 293.0354 292.8107 291.5178 289.8890 288.5256 287.2191 285.6078 283.9591 282.2735 281.3128 281.1799 281.5296 281.3304 280.7696 281.5921 281.7307 281.0336 280.3068 280.8165 280.7853 278.9515 278.9416 278.5511 278.2403 277.1760 276.4770 277.0392 276.7520 276.4671 276.8617 279.3012 280.9574
288.1603 288.3363 288.9435 289.3382 289.8185 290.3754 291.7875 292.8480 292.9611 293.0903 293.1466 293.0453 293.3401 292.9554 292.8282 292.6564 291.7875 289.2269 287.8948 286.3186 284.9945 283.2715 281.3128 281.3067 281.5783 281.9886 281.7718 280.8089 280.1857 279.9457 280.5041 281.9806 280.7776 280.0901 280.8207 281.0649 280.9182 279.6703 279.4612 279.9396 279.6192 279.7560 281.8069 283.1858 284.3439
288.0510 288.9260 289.1645 289.5023 289.3949 289.4319 290.1682 292.2347 292.6427 292.8773 293.0297 293.2327 293.4377 293.1859 293.0510 292.8206 292.3067 290.7209 288.7306 287.5981 286.5978 285.4649 284.2989 282.7501 282.2697 282.9241 283.8753 283.9378 281.8012 282.4065 282.2853 281.4183 283.5355 283.3538 283.0940 282.7211 282.8030 283.6098 282.3615 280.3460 279.5118 281.0199 285.5434 287.4613 285.7327
288.6586 289.1408 289.0197 288.9473 288.7443 288.7249 289.4631 291.8206 292.6389 292.8305 292.9806 293.2933 293.5824 293.2933 293.1272 293.1116 293.0590 292.4614 289.5568 289.0902 289.3907 289.0003 286.2797 285.2600 285.4474 285.3148 284.5823 284.5004 283.3851 283.8559 284.5198 284.5179 283.2990 283.0411 283.6780 285.0139 286.2930 285.6409 284.8516 282.9885 282.9592 285.0646 286.7856 287.5863 288.0080
288.6037 289.0589 289.0452 288.1078 288.5119 288.8635 289.2288 290.0059 292.3890 292.8617 293.0804 293.3520 293.9611 293.7405 293.4457 293.4045 293.4788 293.3790 289.9240 288.6369 288.3927 288.3439 289.0765 288.4083 287.9630 286.8713 285.7990 286.4378 285.9144 285.7209 284.5137 283.2445 285.0920 287.0960 287.6918 286.6877 285.3910 285.1506 285.6329 285.0238 286.0393 288.1485 289.6098 288.0723 288.7192
288.9847 289.3420 289.3050 288.8734 288.6430 289.1645 289.2875 290.6409 292.6057 293.1840 293.1078 293.3421 293.7561 293.7717 293.6037 293.5470 293.8773 294.0079 293.0099 292.9649 293.4594 293.2247 288.8692 288.0960 287.7268 287.0804 285.8344 285.5297 286.5883 286.7951 286.2329 286.3342 287.7501 288.7211 288.9965 289.3538 287.4983 286.4085 286.1075 286.5121 287.0743 287.8849 288.8205 288.4281 288.5900
288.8323 289.1759 288.9572 288.5725 289.0978 289.2951 289.5922 289.9164 291.2755 292.4183 293.0724 293.3813 293.4240 293.5824 293.7992 293.8555 294.1565 294.4963 294.6117 295.1682 295.4162 295.5198 292.4221 288.6312 285.6664 285.3598 286.6351 287.1391 287.3947 287.3185 287.5375 288.3184 289.3675 288.9610 287.7699 289.2170 289.6349 288.5900 288.7348 288.6251 288.8479 288.0567 288.7953 288.1916 287.8461
289.0940 288.7367 288.5043 289.7229 290.5666 290.4630 290.1213 290.4337 291.1018 292.3497 292.4614 292.9493 293.0998 293.4495 293.6681 294.0727 294.3325 294.7016 295.0276 295.5548 295.7602 295.8207 295.4398 291.7601 288.1135 285.5746 286.7757 286.9981 286.7814 287.3147 288.6273 289.3770 288.8460 288.1935 287.9261 288.9572 289.7054 292.4747 292.7387 291.8107 290.2524 289.1153 289.0864 288.4613 287.6507
289.5568 289.1995 288.6993 290.0101 291.8812 291.9669 291.6115 291.7601 292.4301 292.0941 290.9258 291.1837 292.8948 293.2445 293.7348 294.1877 294.4125 294.6681 295.0238 295.4044 295.6078 295.6409 295.9202 294.3302 292.6271 290.0821 288.1584 287.5707 287.0412 287.5082 288.5432 288.4437 287.9104 289.6604 290.8401 290.8577 290.6097 293.3832 295.2250 294.5294 291.0256 289.9572 289.5431 288.0746 287.2598
290.6508 290.2112 289.7054 288.9359 291.0489 291.7620 293.0804 293.2152 293.2403 292.3204 289.3949 288.9085 291.4378 293.4396 293.9572 294.1957 294.3713 294.5473 294.7778 295.1876 295.5529 295.4512 295.4436 295.5861 295.0939 295.1857 293.3341 291.4066 290.9083 290.3712 288.2289 288.2327 290.1293 293.0705 294.3146 293.8243 292.9691 293.9184 295.6661 295.4848 292.6351 291.0843 288.5607 287.2054 286.8675
291.5528 291.0744 290.3967 289.7111 288.6837 289.9240 291.9962 292.7326 292.8537 292.4141 289.0940 288.4102 290.0490 292.3402 294.2014 294.3168 294.3675 294.4163 294.5530 294.7892 295.1134 295.4493 295.4181 295.4943 295.4943 295.7308 295.8733 295.6154 296.0375 295.3400 292.2092 292.7657 295.1545 295.6036 295.6310 295.5274 295.9476 296.4573 296.8264 296.4123 295.4181 291.6466 289.2052 287.7131 287.2640
291.8595 291.6915 290.9415 289.8852 289.4201 289.7465 289.8673 290.5297 291.0569 290.7582 289.2189 287.2522 288.2914 291.5277 294.3107 294.5629 294.8383 294.2601 294.5785 294.8109 294.9141 295.0276 295.3324 295.3968 295.5118 295.5705 295.6566 295.8303 295.9925 295.9944 295.6036 295.5880 295.6878 295.5647 295.2250 295.6486 296.2169 295.9925 296.2230 297.2210 296.1643 292.9474 290.9670 289.3793 288.3127
291.7071 291.6408 291.3536 290.8813 289.9671 290.1876 290.6466 290.8439 290.7796 290.5217 289.6997 288.6643 290.7034 293.2602 294.8048 294.8383 294.1447 292.0530 293.2716 294.5157 294.9416 294.9278 295.2931 295.1838 295.4573 295.4729 295.4924 295.7640 295.6059 295.7522 295.7445 295.6996 295.4748 295.0882 295.1583 295.1134 292.7013 292.1505 294.0902 296.6508 296.2306 294.3050 292.6994 290.2619 288.3245
291.6389 291.5178 291.3087 291.1213 291.1487 291.4123 291.6584 291.3753 291.1136 291.0218 290.1564 289.2582 289.5705 292.3185 294.8616 294.7854 290.4535 292.1779 293.7112 294.8517 294.9983 294.6642 295.1233 295.0452 295.2151 295.3050 295.4124 295.5922 295.4924 295.7522 295.6116 295.6291 295.4710 294.8635 294.6292 293.2990 291.5334 292.3265 295.3575 297.3067 296.0333 296.3087 295.8402 292.9493 290.0783
291.6896 291.4748 291.1837 291.1898 291.3967 291.6039 291.8812 291.6214 291.2150 290.9807 290.3381 289.5979 289.4357 291.0314 293.4240 294.0647 288.9222 291.2287 293.5919 294.8223 295.1134 294.9278 294.9221 294.8852 294.9964 295.1057 295.2208 295.3088 295.3850 295.5354 295.3556 295.4025 294.6936 293.2971 291.2523 288.4807 287.3714 292.1018 296.5159 297.2621 296.0550 296.5822 296.8538 295.5686 295.4649
291.7227 291.6645 291.6759 291.5727 291.8126 291.8264 292.0218 291.9825 291.6546 291.1075 290.1762 289.6604 289.2776 290.5590 292.1505 292.8263 288.6273 290.3617 292.8537 294.1740 294.4262 294.8791 294.6898 294.7797 294.8147 294.9027 295.0120 295.1838 295.2520 295.1545 295.2074 294.2970 293.2091 288.5493 287.3284 286.1251 287.0899 291.4473 295.9594 297.0062 296.3773 296.6428 296.7951 297.1662 297.1585
291.8069 292.0724 292.0941 292.0686 292.2073 292.1448 291.9650 291.9300 291.7951 291.2854 290.2756 289.6330 289.3557 289.2989 290.8283 291.1213 288.0841 290.2169 292.5333 293.8929 294.5100 294.7599 294.5023 294.6098 294.6193 294.8246 294.9572 294.9496 295.0589 295.1252 294.3614 293.3165 289.7423 285.8615 285.8382 287.5375 287.8419 288.2464 292.5375 296.5647 296.7407 296.7677 296.8927 297.2248 297.2736
291.7989 292.0648 292.4141 292.5101 292.5021 292.1604 291.9063 291.5864 291.4534 291.2131 290.5567 289.9377 289.6254 289.5686 289.5667 289.6037 288.0373 291.3224 293.5314 293.9005 294.5199 294.4555 294.5862 294.6879 294.6505 294.8578 294.8673 294.7816 295.2444 294.4631 292.9748 289.7503 286.1681 285.6253 285.8283 288.0979 289.3382 289.7423 291.1662 295.6447 296.9845 296.7658 296.9319 296.9555 297.0043
292.2248 292.0237 292.3516 292.7151 292.7912 292.1722 291.6077 291.2717 291.1232 290.8596 290.9163 290.4905 290.0158 289.3244 289.3012 289.5979 288.6955 292.0530 294.0197 294.2189 294.3694 294.2658 294.7149 294.8090 294.7755 294.9164 294.9065 294.8166 295.2657 292.8088 288.7268 285.7365 285.5548 285.7464 285.9514 287.5063 289.9164 289.9671 291.1544 294.4844 296.6153 296.6409 296.9886 297.0157 296.8831
292.6389 292.3734 292.4534 292.5844 293.0179 292.2286 291.6233 291.3380 291.1761 291.1018 291.2755 290.5765 289.5568 288.8871 288.8967 289.0391 288.7092 289.9278 291.9650 294.1252 294.6955 294.1428 293.7249 293.6312 293.5451 293.6563 294.1447 294.3538 293.6662 288.7348 285.9475 285.6508 285.7757 286.1761 286.5121 288.0080 289.2189 289.2970 289.7465 291.5902 295.2093 296.9083 297.2328 297.3166 297.1429
292.5059 292.5939 292.8088 293.0529 292.9672 292.3402 292.5646 292.3246 291.9300 291.8244 290.9438 290.3754 289.6524 289.3088 289.4086 289.5941 288.1017 286.8694 288.5413 291.5277 292.8674 292.3516 290.1994 289.2269 289.0022 289.5256 290.3126 290.8851 290.3830 286.3460 285.6253 285.7426 286.1117 286.5079 287.1017 286.7658 287.5783 289.7854 291.4809 291.3536 293.5706 296.1194 296.2660 296.6447 297.5257
292.5040 292.7074 293.6818 294.1740 292.8030 293.3889 293.5100 293.0590 292.4690 292.0317 291.1194 289.9591 289.3812 288.9359 288.9610 289.5686 289.6311 287.9592 287.7188 287.9786 287.6507 286.5646 285.9007 286.7833 288.2697 289.0627 289.1020 288.7660 288.0746 287.4533 286.0451 285.6017 286.0432 286.6782 287.3421 287.4983 288.0160 289.2658 291.1155 292.8419 292.8987 291.9669 293.0922 295.6173 297.6427
292.7208 292.5821 292.8187 293.1821 294.1290 294.2601 294.3344 293.6388 292.9356 292.5452 291.1175 290.1038 289.2364 288.6723 288.2034 288.0685 288.6369 289.5667 288.6544 287.5352 286.7776 286.4652 286.5296 285.5548 285.9319 286.2717 285.9944 285.6778 285.2463 285.2973 284.7815 285.0531 285.7270 286.5841 287.1955 287.8887 288.7972 289.3812 289.5549 290.2657 292.8419 292.1642 292.8149 293.8891 294.5237
292.7775 292.3715 292.7874 293.7112 294.6661 294.7210 294.5785 293.6818 292.2465 291.3654 290.2874 289.9533 289.1507 288.6449 288.2034 287.7543 287.7931 287.7718 288.0179 287.4884 286.9905 286.1567 285.9376 285.6508 285.9437 285.9906 285.7171 285.6897 285.7289 285.7952 285.9182 286.0531 286.1331 286.5646 287.3733 288.2072 289.0216 289.2639 289.4181 290.1133 291.5822 291.1879 291.3654 292.1779 292.8773
292.8480 292.4240 292.9280 293.7816 295.1606 295.1019 294.7111 293.5432 292.1604 290.6840 289.6661 289.4319 288.9728 288.5043 288.2659 287.8910 287.8285 287.7345 287.7287 287.7387 287.2503 286.4142 286.1056 285.8714 286.2424 286.2736 285.9944 285.9750 286.1193 286.3559 286.4633 286.5822 286.6759 286.9924 288.0080 288.6586 289.4924 289.6505 289.5587 290.2463 291.4923 291.0356 290.9438 291.2306 291.9555


288.4620 288.6258 288.8643 289.0829 289.2841 289.7450 289.5263 289.1785 288.6533 288.4365 288.9911 287.9169 285.6691 280.7609 279.0578 276.5909 275.5418 274.7823 274.7743 273.7237 273.7842 274.4269 275.7433 277.7782 280.1415 281.6317 282.2629 283.0030 282.5303 282.2255 281.6671 281.2568 281.9071 282.2411 281.9269 281.6473 281.3898 280.7411 280.1221 280.8096 282.6495 286.5380 289.2940 290.3019 290.0672
288.3527 288.6807 288.9599 289.1180 289.2060 289.4989 289.6181 289.4757 289.1652 288.3447 289.0441 288.9012 287.4347 284.8074 283.6769 279.4657 275.8329 274.0086 273.4326 272.7588 273.1492 274.2215 275.3936 276.0831 277.3367 278.8761 280.2451 281.6397 281.3955 281.3643 280.6416 279.2235 280.5125 280.9033 280.5754 280.1769 281.3212 281.1007 280.3312 279.5732 279.6474 283.3527 287.3448 288.8094 288.6593
288.0068 288.4247 288.7862 289.0029 289.1123 289.2627 289.8954 290.3331 290.2451 289.4562 289.0224 289.0422 288.8449 287.8445 286.1357 282.1844 278.9191 277.2023 275.5049 273.1085 273.5557 275.2626 276.3448 276.6202 277.0187 277.6963 278.5770 279.7998 280.8603 281.4736 280.9483 279.2139 278.4464 278.5382 278.8117 279.2939 280.2314 280.2569 279.7217 279.1766 279.1983 280.4912 285.3445 288.6670 289.6261
288.1261 288.4445 288.6788 288.7862 289.1572 289.4658 289.7724 290.1415 291.2275 290.6261 289.7374 289.2140 289.2003 289.1690 288.1748 285.7902 283.2216 281.0477 279.9484 277.0907 275.9384 276.7726 277.7394 277.6864 277.6457 277.8407 278.1222 278.2411 279.9266 280.2219 281.0146 281.3212 280.2569 278.2940 278.8742 279.0303 278.6125 277.6826 277.0126 277.1962 277.4952 278.5439 281.9113 287.7333 289.9678
287.9737 288.3348 288.5634 288.2803 289.4581 290.3369 291.7159 291.8603 291.9833 291.7978 291.1415 290.9834 290.8348 289.7587 289.4189 287.8213 285.7178 283.2746 281.6534 280.2939 278.6963 277.0400 277.8137 277.2316 277.4308 278.1241 280.0695 279.7861 279.1865 279.0985 279.6436 279.8055 279.8661 279.8078 280.1103 279.7998 277.5889 276.3681 275.9346 276.2530 276.7059 277.0575 278.1493 283.9092 288.7100
287.6926 288.0731 288.6864 288.5245 289.5850 291.1788 292.5692 292.5265 292.2431 292.1044 292.1707 292.0850 291.9052 291.3487 290.5148 289.3134 287.5402 285.7392 283.4327 282.3973 280.0146 277.6845 278.5713 279.9247 279.9442 280.5811 282.1162 281.8427 281.9951 280.9464 279.4364 279.5225 279.9933 279.5381 280.4169 280.6748 278.7549 276.0694 275.8252 275.9071 276.0500 276.4442 276.5341 279.8623 284.9971
287.3680 288.3702 288.9367 289.5282 290.7354 292.3349 292.7627 292.6339 292.4423 292.4248 292.4934 292.5360 292.3993 292.2179 291.5967 290.3937 288.6494 287.4149 285.5087 283.9991 281.6103 280.1495 279.5831 281.6534 281.7452 282.3836 282.7295 283.5889 283.8605 281.9071 280.3956 280.7921 281.3094 279.9640 279.6299 279.8859 279.6592 277.2118 276.4286 275.4637 275.6066 275.3643 275.8409 278.2803 281.7726
287.6514 288.7039 289.1808 289.9015 291.0832 292.4991 292.8427 292.7371 292.6865 292.6651 292.6552 292.6945 292.6453 292.7528 292.2138 291.0401 289.1728 288.3683 286.6766 285.0303 284.0460 282.9344 280.8858 281.6515 281.7120 281.0869 281.2393 283.4308 283.4327 281.5223 280.3449 280.7704 281.5109 280.4462 279.9034 279.3134 279.2509 277.9055 277.0263 276.0656 276.0283 275.6473 276.2119 278.3233 281.6378
288.1535 288.4601 289.0791 289.1046 289.7412 291.1613 292.7177 292.8469 292.8194 292.8133 292.8038 292.8194 292.8331 293.0148 292.8682 291.6904 290.1808 289.0399 286.9970 285.7628 284.7762 283.5519 282.0613 281.4035 281.2686 280.6416 280.1670 281.8507 281.9657 281.0946 279.9152 279.8211 280.2120 280.2333 280.1746 279.5831 279.2684 278.1767 277.7919 278.2647 278.2277 278.7157 279.0772 281.1650 281.9676
287.6278 287.8720 288.6026 289.0304 289.5458 290.0596 291.4698 292.7470 292.8289 292.8644 292.8739 292.8625 293.0830 292.9638 292.9169 292.7238 291.8526 289.3271 288.0461 286.7079 285.7041 284.4014 282.8701 281.9444 281.6378 281.4873 281.6808 281.8115 281.2919 280.8192 281.2549 282.1688 280.2333 280.8603 281.5067 281.8408 281.3955 280.7746 279.4208 279.6844 279.9327 281.4443 283.9542 285.4836 284.8055
287.4872 288.4872 288.8250 289.1473 289.1298 289.1046 289.6924 291.9288 292.6358 292.9207 292.9326 292.9855 293.3916 293.2023 293.1356 292.9093 292.2355 289.9796 288.9816 287.9306 287.1612 286.5224 285.7685 284.1496 283.4228 283.0674 282.9344 283.6845 282.5946 282.3779 282.4872 282.6240 282.2472 283.0929 283.1005 283.5713 284.5107 284.8547 283.3447 281.1982 280.6024 282.5440 286.7921 288.7470 287.5303
288.3683 288.9073 288.8250 288.7294 288.7550 288.7313 289.2414 291.6180 292.5497 292.8564 292.9893 293.2003 293.5047 293.1611 293.0750 293.1299 293.0419 292.2218 288.9972 287.9969 288.4228 288.8742 287.0107 285.9696 285.3038 284.6612 284.0303 283.8467 283.0479 283.5363 284.1103 284.2002 283.6906 283.9054 284.1808 285.0246 286.0340 285.7978 285.6805 284.8680 285.2238 286.8427 287.7706 289.0928 289.9697
288.2118 288.7412 288.8449 287.9931 288.5519 288.9073 289.1123 289.6825 292.3117 292.9032 293.0868 293.2118 293.5908 293.4891 293.3291 293.3954 293.4464 293.2510 290.2489 288.8780 288.3078 288.1222 288.8330 287.5147 286.8583 285.9776 285.0771 285.1377 284.5812 284.6711 284.5831 284.4014 285.2664 286.1593 286.3018 285.8877 285.5243 284.4696 284.9484 285.8797 287.9287 289.6688 289.3820 288.7199 289.9716
288.4853 288.9854 289.1046 288.7645 288.1923 288.8856 289.4052 290.6085 292.4503 293.2042 293.1691 293.1885 293.4579 293.4853 293.4171 293.5165 293.8993 293.9793 293.0030 292.8876 293.1455 292.9463 289.0734 287.9169 287.3973 286.6534 285.6337 285.3781 286.1750 286.2374 285.7746 286.1083 287.1337 288.0243 287.7783 287.9074 287.2804 286.8583 287.2217 288.2841 288.8719 289.4269 289.2665 289.1359 289.7275
288.1805 288.6906 288.6125 288.2255 288.5870 288.9130 289.4090 289.6806 290.9129 292.4035 293.0674 293.4403 293.2861 293.4110 293.6357 293.7999 294.1610 294.5225 294.5557 295.0985 295.3408 295.4249 292.5109 289.2959 286.5166 286.0458 286.5185 286.6416 286.8583 286.7764 287.1688 288.1535 289.1340 288.7531 288.2159 288.6144 289.2372 289.1142 289.6650 290.3350 289.9640 289.3016 289.0597 288.9835 289.0128
288.4365 288.0243 287.9169 288.6357 289.5458 289.8036 289.4246 289.6574 290.0634 291.5734 292.1844 293.0461 293.0518 293.3135 293.5340 293.9972 294.3370 294.7336 295.0673 295.5830 295.8097 295.8683 295.3564 292.1551 289.0304 287.0187 287.4347 287.0831 286.9227 287.1631 287.8838 288.8388 288.9523 288.7999 289.1942 289.7393 290.4482 292.5109 293.1668 292.6922 290.8935 290.3468 289.9503 289.8231 289.5439
288.8449 288.4308 287.8956 288.6750 290.5887 290.8371 290.3937 290.1610 290.5655 290.4093 290.1571 291.0146 292.8545 293.1162 293.5809 294.0890 294.4345 294.6905 295.0558 295.4288 295.6573 295.7099 295.8661 294.3172 292.9699 290.9540 289.2433 288.3466 287.7863 287.9013 288.3428 288.3977 288.5127 289.9678 291.0714 291.3624 291.3331 293.3996 295.1396 294.5694 291.7665 291.3837 290.8817 289.1827 288.9012
289.9933 289.3682 288.8212 288.0731 290.0558 290.4364 291.2176 291.0127 291.1300 290.3213 288.3660 288.6102 291.2763 293.3272 293.8270 294.1123 294.4170 294.5789 294.8273 295.2295 295.5773 295.4855 295.4520 295.6124 295.0829 295.1690 293.5245 291.8622 291.2569 290.6630 289.3058 289.4170 290.8878 292.6865 293.5070 293.2861 292.8583 293.8075 295.5438 295.3312 293.3097 292.3661 290.4699 288.6750 287.8057
291.0165 290.3526 289.5145 288.7451 287.6827 288.6864 290.4386 291.3799 291.7452 291.0965 288.3916 288.0362 289.5477 291.9932 294.0753 294.3016 294.4269 294.4795 294.6300 294.8387 295.1415 295.4912 295.4638 295.5282 295.5400 295.7899 295.9384 295.6786 296.1045 295.1709 292.7314 293.1417 295.0909 295.5907 295.5811 295.4189 295.7941 296.2957 296.6005 296.1457 295.4013 293.1005 290.9914 289.2216 288.3858
291.3449 291.0752 290.1590 288.9012 288.3310 288.8856 289.2121 289.8231 290.1747 289.8467 288.6300 286.8309 288.0205 291.1906 293.9736 294.4795 294.8075 294.3389 294.6513 294.8623 294.9697 295.1027 295.3507 295.4501 295.5301 295.5849 295.6866 295.8603 296.0283 295.9914 295.5400 295.5187 295.6573 295.5400 295.1259 295.6825 296.2001 295.8097 295.9110 296.9464 296.1982 293.7394 292.0812 290.3369 289.0890
291.2668 291.1357 290.7841 290.2608 289.3153 289.4151 289.8974 290.0360 289.9172 289.7667 289.2315 288.4266 290.1084 292.8095 295.2432 296.1457 294.0910 292.4873 293.4796 294.5713 294.9873 294.9522 295.3152 295.1846 295.4249 295.4657 295.5206 295.7685 295.5712 295.7922 295.7586 295.7080 295.5263 295.1396 294.9347 294.9930 292.6789 291.7704 293.5497 296.6104 296.2938 294.6437 293.1805 290.6474 288.6144
291.2413 291.0927 290.8660 290.6280 290.6280 290.8272 291.0207 290.7880 290.5830 290.5967 290.0535 289.2277 289.5732 292.1768 294.6143 294.7960 291.8446 292.3585 293.7706 294.8760 295.0166 294.6551 295.1434 295.0322 295.2059 295.3076 295.3994 295.5438 295.5693 295.7453 295.6337 295.6379 295.4189 294.6532 294.3603 293.3036 291.4462 292.1376 295.2059 297.2530 296.0752 296.4131 295.8916 293.5458 291.0576
291.2919 291.1944 290.9540 290.9872 291.0653 291.1514 291.3506 291.1514 290.8954 290.8135 290.5148 289.8135 289.5381 291.2294 293.6437 294.0167 289.8135 290.6242 293.4678 294.8056 295.1297 294.9347 294.8817 294.8856 294.9930 295.0928 295.2021 295.3370 295.4032 295.4756 295.3213 295.2570 294.3565 292.9387 291.5498 288.8761 288.2529 292.5535 296.5479 297.2119 296.0851 296.6591 296.9582 295.8760 295.6417
291.3331 291.3624 291.4774 291.4542 291.5810 291.4443 291.5555 291.5418 291.3544 291.0988 290.5244 290.0128 289.5107 290.8565 292.2899 292.6591 289.4014 289.0909 291.8664 293.8506 294.2685 294.8642 294.5500 294.7705 294.8330 294.9149 295.0459 295.2589 295.2528 295.1358 294.8974 293.5439 292.2941 288.7489 287.8525 287.2842 288.4091 292.3642 296.0790 297.0187 296.3761 296.6534 296.8466 297.2393 297.1201
291.4344 291.6435 291.7646 291.8877 291.9970 291.7646 291.4774 291.4698 291.5418 291.3251 290.6535 289.9933 289.6688 289.5987 290.9559 291.3487 288.9717 288.5458 291.9246 293.8993 294.3915 294.7218 294.3214 294.6418 294.6806 294.8936 295.0478 295.0654 295.1652 294.9484 293.2567 291.9052 289.4444 286.1201 286.7589 288.5576 289.3465 289.8155 293.3329 296.6005 296.7098 296.7589 296.8603 297.2157 297.2804
291.3407 291.5498 291.7608 291.9795 292.1300 291.8115 291.4698 291.2824 291.3544 291.2039 290.8055 290.2238 290.0558 289.9853 290.0265 290.2550 288.7843 289.5751 293.0400 294.0460 294.5382 294.4795 294.5519 294.8037 294.7781 294.9930 295.0128 294.9560 295.3800 293.6396 291.4736 288.8700 286.4035 285.9814 287.0831 289.2528 290.2158 290.6866 292.1688 295.7274 296.9071 296.7433 296.8664 296.9113 296.9757
291.5186 291.3174 291.4873 291.8896 292.2450 291.8858 291.4405 291.2374 291.1201 290.8641 291.0165 290.7647 290.4345 289.9172 289.9560 290.2333 289.2098 290.7411 293.2941 294.1454 294.4326 294.3408 294.8524 294.9073 294.8955 295.0284 295.0223 294.9210 295.1633 291.8077 288.7157 286.1201 285.7255 286.4267 287.2511 289.0848 290.4543 290.9677 292.3699 294.8661 296.5068 296.5791 296.8839 296.9365 296.8527
291.6846 291.4660 291.6359 291.7665 292.6008 292.2336 291.7041 291.3155 291.1533 291.1121 291.3605 290.8660 289.9248 289.4620 289.7979 290.0284 289.2921 289.6806 291.7784 293.9211 294.6962 294.1203 293.7039 293.5908 293.8037 293.9032 294.0830 294.2765 292.9912 289.1066 286.9894 286.7901 286.6865 286.9970 287.8350 289.1942 289.6280 290.3682 291.5167 293.0887 295.2471 296.8153 297.1163 297.2275 297.0907
291.0653 291.3681 291.8858 292.3916 292.8213 292.6164 292.2431 291.8759 291.7665 291.8096 291.0458 290.6043 289.9210 290.0497 290.5617 290.7472 288.8330 287.5733 288.9991 291.6005 292.8133 292.3037 289.9716 289.7587 289.8097 290.2901 290.5480 290.4737 289.1123 287.0206 286.6884 287.0164 287.3703 287.5928 288.3215 288.2373 289.1808 290.4306 291.6690 292.4735 293.9306 296.0360 296.2763 296.6847 297.5440
292.0732 292.1006 291.9757 293.0830 293.2822 293.0419 292.8602 292.5653 292.3955 292.3623 291.6279 290.1846 290.3331 290.7453 291.1963 291.5578 290.7567 288.6864 288.0575 288.3409 288.3797 287.7626 287.6708 287.0637 288.8917 290.0478 290.0653 289.5713 288.6963 287.9699 287.2492 287.1513 287.4347 287.7569 288.3447 288.7489 289.5362 290.1728 290.9933 292.0732 292.1981 293.0537 293.7451 295.7529 297.6454
291.7391 291.4816 291.8214 292.6027 293.4266 293.6883 293.6045 293.2099 292.7920 292.3174 291.5460 290.8173 289.9305 289.6574 289.3115 289.0947 289.7530 290.2082 289.0928 288.1923 287.8175 287.7901 288.1729 287.0770 287.4130 287.8213 287.5341 287.2023 286.4149 286.2668 286.0675 286.4191 286.9227 287.5558 288.1668 288.6883 289.7842 290.3156 290.4463 290.8466 291.2470 291.1495 292.3174 292.7821 292.8469
292.0458 292.4191 293.1649 293.0011 293.2236 293.8312 293.7295 293.1379 292.1456 291.4660 290.7255 289.7667 289.1317 288.5965 288.1904 288.0304 288.2765 288.4053 288.8430 288.4715 288.1356 287.5223 287.4385 287.2686 287.6651 287.7726 287.4891 287.4015 287.1825 287.0537 286.9932 287.1436 287.1280 287.4267 288.2354 288.9325 289.7606 289.9229 289.9933 290.2120 289.8448 289.8993 290.3175 290.9620 291.5772
291.6965 292.2667 294.0967 294.2098 293.0655 293.8114 293.5908 292.5714 291.5479 290.3468 289.5926 288.8113 288.5226 288.0712 287.9699 287.8720 288.0594 288.3154 288.5264 288.6533 288.3058 287.6103 287.4267 287.3097 287.8133 287.9051 287.5829 287.4933 287.5010 287.6141 287.5634 287.5204 287.4971 287.7646 288.6376 289.2391 289.8524 289.9286 289.8897 290.2844 290.4969 291.3936 291.4287 291.4930 292.0538
